PLTSOLVD=T
CRPIX1= 9.6850000000000000E+002
CRPIX2= 5.4450000000000000E+002
CRVAL1= 2.9917061664481412E+002
CRVAL2= 8.5431034039219099E+001
CDELT1=-5.7876051880139973E-004
CDELT2= 5.7848330129887211E-004
CROTA1=-1.4705910038184152E+002
CROTA2=-1.4705953305507501E+002
CD1_1= 4.8571667498334040E-004
CD1_2= 3.1456398192498291E-004
CD2_1= 3.1471105758519742E-004
CD2_2=-4.8548164863065701E-004
CMDLINE=astap -f ./01-captured-images/_00004.png -o ./03-astap-analysis/_00004 -fov 0.63 -ra 0.0 -dec 90.0 -annotate
