PLTSOLVD=T
CRPIX1= 9.6850000000000000E+002
CRPIX2= 5.4450000000000000E+002
CRVAL1= 2.5482060519183017E+002
CRVAL2= 8.8428107784117643E+001
CDELT1=-5.7869134932876903E-004
CDELT2= 5.7888039054957471E-004
CROTA1=-9.4417109090460386E+001
CROTA2=-9.4416527245371540E+001
CD1_1= 4.4563070408534560E-005
CD1_2= 5.7716099926608151E-004
CD2_1= 5.7697297210849952E-004
CD2_2=-4.4583488973008442E-005
CMDLINE=astap -f ./01-captured-images/_00025.png -o ./03-astap-analysis/_00025 -fov 0.63 -ra 0.0 -dec 90.0 -annotate
