PLTSOLVD=T
CRPIX1= 9.6850000000000000E+002
CRPIX2= 5.4450000000000000E+002
CRVAL1= 2.5092488845090128E+002
CRVAL2= 8.8449823160279294E+001
CDELT1=-5.7867291178489034E-004
CDELT2= 5.7864760528326801E-004
CROTA1=-9.2303101136127822E+001
CROTA2=-9.2291080925399797E+001
CD1_1= 2.3133173125851624E-005
CD1_2= 5.7818018619799026E-004
CD2_1= 5.7821033814238639E-004
CD2_2=-2.3253459702118683E-005
CMDLINE=astap -f ./01-captured-images/_00017.png -o ./03-astap-analysis/_00017 -fov 0.63 -ra 0.0 -dec 90.0 -annotate
