PLTSOLVD=T
CRPIX1= 9.6850000000000000E+002
CRPIX2= 5.4450000000000000E+002
CRVAL1= 2.4983960129235524E+002
CRVAL2= 8.7780299232478100E+001
CDELT1=-5.7867427483929504E-004
CDELT2= 5.7872900678715476E-004
CROTA1=-9.2000178833496051E+001
CROTA2=-9.1998298896571086E+001
CD1_1= 2.0178270647982679E-005
CD1_2= 5.7837639766949208E-004
CD2_1= 5.7832236145115529E-004
CD2_2=-2.0199156311791643E-005
CMDLINE=astap -f ./01-captured-images/_00012.png -o ./03-astap-analysis/_00012 -fov 0.63 -ra 0.0 -dec 90.0 -annotate
