PLTSOLVD=T
CRPIX1= 9.6850000000000000E+002
CRPIX2= 5.4450000000000000E+002
CRVAL1= 2.5196167765500766E+002
CRVAL2= 8.7760289531138469E+001
CDELT1=-5.7866559791449918E-004
CDELT2= 5.7861729657675731E-004
CROTA1=-9.4582243957518514E+001
CROTA2=-9.4571732133796544E+001
CD1_1= 4.6123777769891676E-005
CD1_2= 5.7676785305651557E-004
CD2_1= 5.7682447185775543E-004
CD2_2=-4.6225745839010546E-005
CMDLINE=astap -f ./01-captured-images/_00009.png -o ./03-astap-analysis/_00009 -fov 0.63 -ra 0.0 -dec 90.0 -annotate
