PLTSOLVD=T
CRPIX1= 9.6850000000000000E+002
CRPIX2= 5.4450000000000000E+002
CRVAL1= 2.5394162207983598E+002
CRVAL2= 8.8442243899501690E+001
CDELT1=-5.7865423045936866E-004
CDELT2= 5.7865137118467806E-004
CROTA1=-9.4310869324307859E+001
CROTA2=-9.4312652560356611E+001
CD1_1= 4.3514180260740468E-005
CD1_2= 5.7701430379063570E-004
CD2_1= 5.7701580094895143E-004
CD2_2=-4.3496006654818879E-005
CMDLINE=astap -f ./01-captured-images/_00020.png -o ./03-astap-analysis/_00020 -fov 0.63 -ra 0.0 -dec 90.0 -annotate
