PLTSOLVD=T
CRPIX1= 9.6850000000000000E+002
CRPIX2= 5.4450000000000000E+002
CRVAL1= 2.5353440226507252E+002
CRVAL2= 8.8424140021131535E+001
CDELT1=-5.7867986573731573E-004
CDELT2= 5.7878107836884353E-004
CROTA1=-9.3682028563075392E+001
CROTA2=-9.3659003286642559E+001
CD1_1= 3.6930339580116692E-005
CD1_2= 5.7758636450632480E-004
CD2_1= 5.7750024850925820E-004
CD2_2=-3.7168914621876412E-005
CMDLINE=astap -f ./01-captured-images/_00021.png -o ./03-astap-analysis/_00021 -fov 0.63 -ra 0.0 -dec 90.0 -annotate
