PLTSOLVD=T
CRPIX1= 9.6850000000000000E+002
CRPIX2= 5.4450000000000000E+002
CRVAL1= 2.4990837343487752E+002
CRVAL2= 8.7778244082221761E+001
CDELT1=-5.7860433205094081E-004
CDELT2= 5.7869630226986231E-004
CROTA1=-9.2275586559511595E+001
CROTA2=-9.2263305706208129E+001
CD1_1= 2.2850163615068440E-005
CD1_2= 5.7823994488986506E-004
CD2_1= 5.7815295821337796E-004
CD2_2=-2.2977736933338300E-005
CMDLINE=astap -f ./01-captured-images/_00010.png -o ./03-astap-analysis/_00010 -fov 0.63 -ra 0.0 -dec 90.0 -annotate
