PLTSOLVD=T
CRPIX1= 9.6850000000000000E+002
CRPIX2= 5.4450000000000000E+002
CRVAL1= 2.7840547325625698E+002
CRVAL2= 8.7247151237968424E+001
CDELT1=-5.7870593347684541E-004
CDELT2= 5.7873105821725944E-004
CROTA1=-1.2296629847944170E+002
CROTA2=-1.2293055156696025E+002
CD1_1= 3.1459732290438532E-004
CD1_2= 4.8555002245586997E-004
CD2_1= 4.8572531523763607E-004
CD2_2=-3.1491397783898567E-004
CMDLINE=astap -f ./01-captured-images/_00005.png -o ./03-astap-analysis/_00005 -fov 0.63 -ra 0.0 -dec 90.0 -annotate
