PLTSOLVD=T
CRPIX1= 9.6850000000000000E+002
CRPIX2= 5.4450000000000000E+002
CRVAL1= 3.0924490272143004E+002
CRVAL2= 8.7598179481898470E+001
CDELT1=-5.7857848314974466E-004
CDELT2= 5.7872353020391480E-004
CROTA1= 1.1490302974626648E+002
CROTA2= 1.1489552709534652E+002
CD1_1= 2.4356129229205983E-004
CD1_2=-5.2491482858218737E-004
CD2_1=-5.2481516561631589E-004
CD2_2=-2.4369108959133967E-004
CMDLINE=astap -f ./01-captured-images/_00003.png -o ./03-astap-analysis/_00003 -fov 0.63 -ra 0.0 -dec 90.0 -annotate
