PLTSOLVD=T
CRPIX1= 9.6850000000000000E+002
CRPIX2= 5.4450000000000000E+002
CRVAL1= 2.5043251917574938E+002
CRVAL2= 8.8467511320467565E+001
CDELT1=-5.7868059589639921E-004
CDELT2= 5.7855856171237687E-004
CROTA1=-9.1009914168203878E+001
CROTA2=-9.1002785820712845E+001
CD1_1= 1.0127501119366516E-005
CD1_2= 5.7846868860656885E-004
CD2_1= 5.7859196830589428E-004
CD2_2=-1.0197334577752255E-005
CMDLINE=astap -f ./01-captured-images/_00018.png -o ./03-astap-analysis/_00018 -fov 0.63 -ra 0.0 -dec 90.0 -annotate
