PLTSOLVD=T
CRPIX1= 9.6850000000000000E+002
CRPIX2= 5.4450000000000000E+002
CRVAL1= 2.6249649713620221E+002
CRVAL2= 8.7679312786536912E+001
CDELT1=-5.7866978349814448E-004
CDELT2= 5.7854464938769049E-004
CROTA1=-1.0572519695949718E+002
CROTA2=-1.0573193710951683E+002
CD1_1= 1.5689879818278030E-004
CD1_2= 5.5689125711835623E-004
CD2_1= 5.5699325441390096E-004
CD2_2=-1.5679935931075286E-004
CMDLINE=astap -f ./01-captured-images/_00007.png -o ./03-astap-analysis/_00007 -fov 0.63 -ra 0.0 -dec 90.0 -annotate
