PLTSOLVD=T
CRPIX1= 9.6850000000000000E+002
CRPIX2= 5.4450000000000000E+002
CRVAL1= 2.5055240772745438E+002
CRVAL2= 8.7984066445972189E+001
CDELT1=-5.7866410204433815E-004
CDELT2= 5.7851734855138824E-004
CROTA1=-9.2352808278143641E+001
CROTA2=-9.2352904394842867E+001
CD1_1= 2.3756700169071106E-005
CD1_2= 5.7802964807865680E-004
CD2_1= 5.7817623800348022E-004
CD2_2=-2.3749705619071842E-005
CMDLINE=astap -f ./01-captured-images/_00014.png -o ./03-astap-analysis/_00014 -fov 0.63 -ra 0.0 -dec 90.0 -annotate
