PLTSOLVD=T
CRPIX1= 9.6850000000000000E+002
CRPIX2= 5.4450000000000000E+002
CRVAL1= 2.7329473818734238E+002
CRVAL2= 8.7420234232133595E+001
CDELT1=-5.7862194319800134E-004
CDELT2= 5.7873289517757420E-004
CROTA1=-1.1735388240543271E+002
CROTA2=-1.1739053916065302E+002
CD1_1= 2.6619686495793119E-004
CD1_2= 5.1402217402339372E-004
CD2_1= 5.1375342552317836E-004
CD2_2=-2.6591910155699799E-004
CMDLINE=astap -f ./01-captured-images/_00006.png -o ./03-astap-analysis/_00006 -fov 0.63 -ra 0.0 -dec 90.0 -annotate
