PLTSOLVD=T
CRPIX1= 9.6850000000000000E+002
CRPIX2= 5.4450000000000000E+002
CRVAL1= 2.5374036971690083E+002
CRVAL2= 8.8426197581646946E+001
CDELT1=-5.7856102863438556E-004
CDELT2= 5.7873777633600618E-004
CROTA1=-9.3809336044372671E+001
CROTA2=-9.3779653470861774E+001
CD1_1= 3.8138490195554442E-005
CD1_2= 5.7745914553937450E-004
CD2_1= 5.7730262377723681E-004
CD2_2=-3.8449304171606031E-005
CMDLINE=astap -f ./01-captured-images/_00022.png -o ./03-astap-analysis/_00022 -fov 0.63 -ra 0.0 -dec 90.0 -annotate
