PLTSOLVD=T
CRPIX1= 9.6850000000000000E+002
CRPIX2= 5.4450000000000000E+002
CRVAL1= 2.4835325051509423E+002
CRVAL2= 8.7793522818841538E+001
CDELT1=-5.7869690576179778E-004
CDELT2= 5.7876790458000530E-004
CROTA1=-9.0575531537917044E+001
CROTA2=-9.0562523260266062E+001
CD1_1= 5.6814872445190470E-006
CD1_2= 5.7873870586216654E-004
CD2_1= 5.7866901544921989E-004
CD2_2=-5.8135796988456459E-006
CMDLINE=astap -f ./01-captured-images/_00011.png -o ./03-astap-analysis/_00011 -fov 0.63 -ra 0.0 -dec 90.0 -annotate
