PLTSOLVD=T
CRPIX1= 9.6850000000000000E+002
CRPIX2= 5.4450000000000000E+002
CRVAL1= 2.5310607393087261E+002
CRVAL2= 8.8413114752074520E+001
CDELT1=-5.7867042737160381E-004
CDELT2= 5.7866987429288069E-004
CROTA1=-9.4782584177492282E+001
CROTA2=-9.4775075774538877E+001
CD1_1= 4.8171044326518079E-005
CD1_2= 5.7665508942788364E-004
CD2_1= 5.7666195817214028E-004
CD2_2=-4.8246567246363005E-005
CMDLINE=astap -f ./01-captured-images/_00015.png -o ./03-astap-analysis/_00015 -fov 0.63 -ra 0.0 -dec 90.0 -annotate
