PLTSOLVD=T
CRPIX1= 9.6850000000000000E+002
CRPIX2= 5.4450000000000000E+002
CRVAL1= 2.5478835900103761E+002
CRVAL2= 8.8428167169304189E+001
CDELT1=-5.7871941815980767E-004
CDELT2= 5.7866062619628151E-004
CROTA1=-9.4415836593611033E+001
CROTA2=-9.4412053976953032E+001
CD1_1= 4.4520183411765980E-005
CD1_2= 5.7694287730524873E-004
CD2_1= 5.7700443518590835E-004
CD2_2=-4.4553749972514760E-005
CMDLINE=astap -f ./01-captured-images/_00024.png -o ./03-astap-analysis/_00024 -fov 0.63 -ra 0.0 -dec 90.0 -annotate
