PLTSOLVD=T
CRPIX1= 9.6850000000000000E+002
CRPIX2= 5.4450000000000000E+002
CRVAL1= 2.5339271212310032E+002
CRVAL2= 8.8437007409464101E+001
CDELT1=-5.7869646399904217E-004
CDELT2= 5.7872409824871339E-004
CROTA1=-9.4945943257798362E+001
CROTA2=-9.4934144659499722E+001
CD1_1= 4.9774068681277077E-005
CD1_2= 5.7656920944651707E-004
CD2_1= 5.7655194001226477E-004
CD2_2=-4.9895176239841618E-005
CMDLINE=astap -f ./01-captured-images/_00016.png -o ./03-astap-analysis/_00016 -fov 0.63 -ra 0.0 -dec 90.0 -annotate
