PLTSOLVD=T
CRPIX1= 9.6850000000000000E+002
CRPIX2= 5.4450000000000000E+002
CRVAL1= 2.4254647332788761E+002
CRVAL2= 8.7784332423900793E+001
CDELT1=-5.7863818522884943E-004
CDELT2= 5.7856507412010238E-004
CROTA1=-8.4746282681905598E+001
CROTA2=-8.4743383122330528E+001
CD1_1=-5.3012874664800535E-005
CD1_2= 5.7613451582456628E-004
CD2_1= 5.7620463771537831E-004
CD2_2= 5.2977020180377637E-005
CMDLINE=astap -f ./01-captured-images/_00008.png -o ./03-astap-analysis/_00008 -fov 0.63 -ra 0.0 -dec 90.0 -annotate
