PLTSOLVD=T
CRPIX1= 9.6850000000000000E+002
CRPIX2= 5.4450000000000000E+002
CRVAL1= 2.4944938798376060E+002
CRVAL2= 8.7785954913068906E+001
CDELT1=-5.7867059106902032E-004
CDELT2= 5.7857619295187065E-004
CROTA1=-9.1448310464903813E+001
CROTA2=-9.1449511150136772E+001
CD1_1= 1.4638076476841908E-005
CD1_2= 5.7839135739879365E-004
CD2_1= 5.7848541873173212E-004
CD2_2=-1.4623567863595900E-005
CMDLINE=astap -f ./01-captured-images/_00013.png -o ./03-astap-analysis/_00013 -fov 0.63 -ra 0.0 -dec 90.0 -annotate
