PLTSOLVD=T
CRPIX1= 9.6850000000000000E+002
CRPIX2= 5.4450000000000000E+002
CRVAL1= 2.5450914162475064E+002
CRVAL2= 8.8440661247085913E+001
CDELT1=-5.7867578290131817E-004
CDELT2= 5.7867552179565395E-004
CROTA1=-9.4971035911808258E+001
CROTA2=-9.4969251948379352E+001
CD1_1= 5.0125543052756408E-005
CD1_2= 5.7649890885126426E-004
CD2_1= 5.7650072996494957E-004
CD2_2=-5.0143470350326711E-005
CMDLINE=astap -f ./01-captured-images/_00019.png -o ./03-astap-analysis/_00019 -fov 0.63 -ra 0.0 -dec 90.0 -annotate
