PLTSOLVD=T
CRPIX1= 9.6850000000000000E+002
CRPIX2= 5.4450000000000000E+002
CRVAL1= 2.5446850556343176E+002
CRVAL2= 8.8421140092851019E+001
CDELT1=-5.7867209499134912E-004
CDELT2= 5.7871407699552067E-004
CROTA1=-9.4314137414863481E+001
CROTA2=-9.4304652060258931E+001
CD1_1= 4.3434949102151008E-005
CD1_2= 5.7707435002622308E-004
CD2_1= 5.7703968556605402E-004
CD2_2=-4.3533635899033027E-005
CMDLINE=astap -f ./01-captured-images/_00023.png -o ./03-astap-analysis/_00023 -fov 0.63 -ra 0.0 -dec 90.0 -annotate
